9 1 2 3 4 5 6 7 8
6 7 8 9 1 2 3 4 5
3 4 5 6 7 8 9 1 2
1 2 3 4 5 6 7 8 9
7 8 9 1 2 3 4 5 6
4 5 6 7 8 9 1 2 3
8 9 1 2 3 4 5 6 7
5 6 7 8 9 1 2 3 4
2 3 4 5 6 7 8 9 1

9 1 2 3 4 5 6 8 7
6 8 7 9 1 2 3 4 5
3 4 5 6 8 7 9 1 2
1 2 3 4 5 6 8 7 9
8 7 9 1 2 3 4 5 6
4 5 6 8 7 9 1 2 3
7 9 1 2 3 4 5 6 8
5 6 8 7 9 1 2 3 4
2 3 4 5 6 8 7 9 1

9 1 2 3 4 5 7 6 8
7 6 8 9 1 2 3 4 5
3 4 5 7 6 8 9 1 2
1 2 3 4 5 7 6 8 9
6 8 9 1 2 3 4 5 7
4 5 7 6 8 9 1 2 3
8 9 1 2 3 4 5 7 6
5 7 6 8 9 1 2 3 4
2 3 4 5 7 6 8 9 1

9 1 2 3 4 5 7 8 6
7 8 6 9 1 2 3 4 5
3 4 5 7 8 6 9 1 2
1 2 3 4 5 7 8 6 9
8 6 9 1 2 3 4 5 7
4 5 7 8 6 9 1 2 3
6 9 1 2 3 4 5 7 8
5 7 8 6 9 1 2 3 4
2 3 4 5 7 8 6 9 1

9 1 2 3 4 5 8 6 7
8 6 7 9 1 2 3 4 5
3 4 5 8 6 7 9 1 2
1 2 3 4 5 8 6 7 9
6 7 9 1 2 3 4 5 8
4 5 8 6 7 9 1 2 3
7 9 1 2 3 4 5 8 6
5 8 6 7 9 1 2 3 4
2 3 4 5 8 6 7 9 1

9 1 2 3 4 5 8 7 6
8 7 6 9 1 2 3 4 5
3 4 5 8 7 6 9 1 2
1 2 3 4 5 8 7 6 9
7 6 9 1 2 3 4 5 8
4 5 8 7 6 9 1 2 3
6 9 1 2 3 4 5 8 7
5 8 7 6 9 1 2 3 4
2 3 4 5 8 7 6 9 1

9 1 2 3 4 6 5 7 8
5 7 8 9 1 2 3 4 6
3 4 6 5 7 8 9 1 2
1 2 3 4 6 5 7 8 9
7 8 9 1 2 3 4 6 5
4 6 5 7 8 9 1 2 3
8 9 1 2 3 4 6 5 7
6 5 7 8 9 1 2 3 4
2 3 4 6 5 7 8 9 1

9 1 2 3 4 6 5 8 7
5 8 7 9 1 2 3 4 6
3 4 6 5 8 7 9 1 2
1 2 3 4 6 5 8 7 9
8 7 9 1 2 3 4 6 5
4 6 5 8 7 9 1 2 3
7 9 1 2 3 4 6 5 8
6 5 8 7 9 1 2 3 4
2 3 4 6 5 8 7 9 1

9 1 2 3 4 6 7 5 8
7 5 8 9 1 2 3 4 6
3 4 6 7 5 8 9 1 2
1 2 3 4 6 7 5 8 9
5 8 9 1 2 3 4 6 7
4 6 7 5 8 9 1 2 3
8 9 1 2 3 4 6 7 5
6 7 5 8 9 1 2 3 4
2 3 4 6 7 5 8 9 1

9 1 2 3 4 6 7 8 5
7 8 5 9 1 2 3 4 6
3 4 6 7 8 5 9 1 2
1 2 3 4 6 7 8 5 9
8 5 9 1 2 3 4 6 7
4 6 7 8 5 9 1 2 3
5 9 1 2 3 4 6 7 8
6 7 8 5 9 1 2 3 4
2 3 4 6 7 8 5 9 1

